100077
100349
101619
101620
1016856
1016874
1028706
103086
1036309
1036310
1036311
1036312
1036313
1036315
1036316
1036318
1036319
1036392
1036393
1036394
1036395
1036396
1036398
1036399
1036400
1036428
1036429
1036462
1036464
1036466
1036467
1036468
1036473
1036650
1036651
1036652
1036653
1036654
1036655
1036657
1036658
1044251
1044252
104930
105330
105336
1053374
1053375
1053377
105338
1053568
1054518
105803
105859
105860
105862
106039
1065030
1075456
1075457
1075458
1082149
1082231
108616
108618
108619
108620
109136
109138
109375
110028
1103938
111394
111400
111552
1120760
1120761
1120762
1120763
1120764
1120765
1120766
1120767
1120771
1120773
1120775
1120777
1120778
1120779
1120780
1129073
1129074
1129076
1129078
1129079
1129080
1129081
1129082
1129083
1129086
112916
112919
112920
112921
112922
112925
112926
112928
112940
112941
112996
112997
113000
113001
113340
113341
113342
113344
113908
1146162
1146164
1146165
1146166
1146168
1146169
1146172
1146175
1146178
1146180
1146181
1146183
1146184
1146185
1146186
1146187
1146188
1146189
1146190
1146192
1146193
1146195
1146196
1146260
1146261
1148096
1148449
116292
116293
116294
1164424
116863
116872
116875
116878
116880
116890
116891
116893
116896
117150
1185140
118882
118893
118895
118904
118905
118909
118914
118916
118920
118921
119918
1207650
1207651
1207655
1207658
1207659
1207662
1207663
1207664
1207665
1207666
1207667
1207670
121122
1213332
122349
122351
1224383
1224384
1224385
1224386
1224387
122551
1228189
1228190
1228191
1228192
1228193
1228194
1228195
1228198
124043
1275114
1275115
1275116
1275117
128057
128065
128076
128350
128915
129988
129992
130015
130017
130046
1312949
1312950
1312951
1312952
1312953
1312954
1312955
1312957
1312958
1312959
1312960
1312962
1312968
1312969
1312970
1312971
1313801
1315830
1315831
1315832
1315833
1315834
1315835
1315837
1315838
1315839
1315840
1315841
1315842
1315844
1315845
1320334
1322464
1322465
1322469
1324574
132536
1341427
1349593
1351747
1356634
1356637
1356640
1356644
135671
135672
135674
135675
135676
135677
135806
135807
135808
135810
136235
136236
136243
136404
136935
1378611
1382593
1382595
1382596
1382597
1382598
1382600
1382601
1387346
139764
139765
139767
1411169
144422
1451897
1451899
1451900
1451901
1452672
1452674
1452676
1452677
1452679
1453582
1454014
1454015
1454016
1454017
1454018
1454387
1454388
1454389
1460441
1464288
1501544
1501545
1501546
1501547
1501548
1501549
1501590
1501591
1502911
153100
153368
1536353
1536354
1536355
1536356
153852
157174
161091
161092
161093
161094
161717
161718
1620054
1620055
1620057
1620061
1620063
1620064
1623064
162331
162332
162333
162337
162338
1624039
1628448
1628449
1628454
1628455
162861
162862
162863
1646897
1646931
1652975
1652976
175915
177007
177008
177009
178192
178193
178194
178195
178196
178199
178200
178201
178202
178226
186541
186544
186546
186548
186551
186552
186553
186554
186559
188402
188403
195680
201958
201959
201960
201962
202265
203217
203280
203281
203289
204951
204952
204953
204954
204955
204956
204957
204958
204959
204960
204962
213384
213386
213387
213388
213389
213390
214479
214480
214482
217015
217016
217031
225937
225939
225940
225941
225945
225946
225947
225949
225950
225951
225952
225953
225954
225955
225956
225957
225958
225959
225960
225961
225962
225963
225965
225966
225967
225970
225971
225972
225973
225977
225978
226160
226954
227387
227388
232909
232912
232916
236142
238413
238414
238419
238420
238636
238637
238638
242305
248185
248186
248188
248189
248190
248191
249520
249521
249522
249523
255172
258879
265592
265728
276932
276933
276935
276936
276937
276938
280654
285606
285607
286158
286160
286161
287448
289646
289648
289649
289650
289651
289652
289653
289654
289655
289658
289659
289660
289661
289662
289663
289664
289665
289666
289667
289668
289669
289670
289671
289672
289673
289674
289675
289676
289677
289678
289679
289681
289682
289683
289685
289686
289687
289688
289689
289690
289691
289692
290506
299291
313875
313877
313878
313880
313882
313883
313884
313917
331045
338509
343529
343530
343531
343533
343534
343535
343536
343537
343538
343541
343542
343543
343544
343546
343547
343548
343549
343550
343551
343552
343553
343554
343555
343556
358257
364253
37093
37266
37272
37384
374397
374398
375237
375239
375240
375241
375242
375244
375245
375247
375248
375249
375250
375251
375252
375253
375254
375255
375257
375263
375264
375265
375266
375267
375269
375270
375271
375273
375274
375275
375276
375277
375278
375279
375280
375281
37743
37744
37745
37750
37880
37881
37883
37886
37888
37928
37991
389250
389251
39344
39345
39353
39355
39572
39573
39579
39636
39637
400235
400236
400237
400238
40447
40448
40449
40450
409624
409629
40984
40985
40987
40988
40993
41104
41105
41106
41107
41178
41360
41984
41985
42370
42500
42501
43208
43385
43386
43387
43388
43389
43390
43391
43392
43393
43394
43437
43439
43650
43651
43655
43663
43664
43665
43689
43690
43988
44016
44057
44058
44060
44062
44063
44064
44100
442382
442383
442384
442388
442389
44395
44498
44710
44910
44950
449817
449818
45404
45512
45513
45514
45515
45517
45562
45611
45612
45613
45813
45814
464842
464846
46579
47851
48223
48224
48479
48551
48552
48557
48558
49163
49166
49167
49424
49544
49545
49546
49547
49548
49549
497513
497978
49852
498713
498714
500086
500087
500088
500089
500090
500091
500092
500093
500094
500095
500096
500097
500098
500099
500100
500101
500102
500103
500104
500105
500106
500107
500108
500109
500110
500111
500112
500113
500114
500115
500116
500117
500118
500119
500120
501146
501148
501149
501151
501152
501154
50430
50704
50739
50741
51009
51010
51011
51012
51013
51014
51015
51016
51139
51490
51491
51492
51494
51637
51638
51639
51640
51641
51642
51648
51649
51654
51797
51806
51808
51809
520644
520645
520646
520647
520648
52857
52858
52860
52862
53048
53430
53431
53434
53435
53438
53439
53520
535629
535691
53835
53836
53882
53884
53885
53886
54470
54471
548859
548868
548872
550807
55262
55277
55559
55577
55580
55583
55660
56265
56524
56592
567026
567027
567028
567030
567031
567032
567033
567034
567035
567036
567037
567038
567039
567040
567041
567042
570154
57656
57657
57658
57659
57713
57714
57993
58393
58564
58933
58938
591211
591212
591213
591214
591215
591216
591217
591218
591219
591221
591223
591224
591225
591227
591228
591229
591230
591231
591232
591233
591234
591235
591238
591239
591242
591245
591246
591247
591249
59125
591250
59126
593381
593382
593383
593385
593387
59494
59497
595269
59936
60568
611675
611676
613009
61755
61767
63234
63244
63245
635747
635748
635749
635750
635751
635752
635753
635754
636794
636795
636796
636797
636798
636799
636801
636803
636804
636805
636806
636808
636809
636810
636811
636812
636813
636816
636817
636818
636819
639929
639930
64577
64578
64957
650178
650179
650180
650181
650182
650183
650184
650185
650187
65149
65150
65281
65282
65414
65561
65564
662071
663109
66478
66479
66481
66482
66484
66485
66486
66783
677339
677341
67856
67857
68334
68335
68935
69128
69325
69693
69694
69696
69702
697192
697201
697202
697204
697205
697206
697207
697208
697209
697210
697211
697212
697213
697215
697216
697217
697218
697219
697220
697222
697223
697225
697226
697227
697228
69880
69883
69896
69899
69902
69910
69915
69917
69928
69930
69931
69940
69951
69985
69986
70369
70370
70371
70373
70376
70377
70379
703800
70561
71382
71383
71722
71760
71763
718339
71990
71999
72093
72100
72101
72107
721775
72203
723892
723893
723895
723900
723901
72665
72666
726665
72668
72669
73082
73085
73086
73088
73089
73090
73152
73153
73154
73155
73156
73157
73158
73160
73161
73162
73163
73164
73409
73412
73413
73414
73430
73464
73474
73486
734960
734961
734962
734963
73866
73868
74126
74449
74455
74457
74458
74461
74494
74497
74642
74932
74933
74934
75090
75098
75106
75113
75114
75115
75117
75118
75119
75142
75232
754638
762593
762599
762600
762605
762606
76538
76679
76680
76723
76724
77185
77472
77912
77916
77917
77918
77919
77920
77921
77922
779996
780017
780018
780047
780460
78322
78323
78324
78325
78327
78328
78329
788566
78976
79073
79183
79184
79185
79189
79191
79194
79197
79741
799433
799434
799435
799437
799439
80750
80752
80755
80760
81148
81181
814657
814659
814661
814665
814667
814670
814673
814675
814677
814678
814679
815475
815476
815477
815480
821369
834600
834601
839723
839724
840364
841122
84319
84320
84321
85493
87391
87392
87393
87395
87398
87599
87602
89448
89449
89451
89517
89518
89519
89527
89528
89535
89538
89540
89541
89542
89911
89912
89913
89914
90273
90277
90283
90286
90287
90358
90359
904505
90687
90688
91206
91452
91453
91454
91455
91606
91607
91610
91611
919984
919985
919986
919987
919991
919992
919993
919994
919995
925244
92944
92952
92964
93540
93543
93545
93547
93549
93551
93553
93554
93556
94016
94018
94019
94139
94143
94144
94146
94147
94148
94149
94150
94152
94153
94155
94156
94157
94158
94990
96653
96654
96656
96657
96658
96660
96661
96662
96770
96771
96777
96778
96779
96781
97156
97161
97165
97166
97168
97170
97172
97174
97175
97177
97179
97503
97507
97511
97512
98480
99836
99992